'HCFA03': (252, 0, 0), 
'HCFA11': (101, 110, 158), 
'HCFA05_ZIP': (5, 193, 74), 
'HCFA04': (14, 255, 0), 
'HCFA05_PHONE': (227, 237, 204), 
'HCFA06': (255, 36, 0), 
'HCFA07_ADDRESS': (122, 0, 213), 
'HCFA21': (0, 255, 33), 
'HCFA07_CITY': (71, 17, 99), 
'HCFA31': (39, 135, 193), 
'HCFA07_STATE': (107, 81, 243), 
'HCFA33': (204, 51, 102), 
'HCFA01a': (106, 162, 20), 
'HCFA01': (41, 0, 248), 
'HCFA02': (248, 216, 0), 
'HCFA05_CITY': (241, 17, 53), 
'HCFA24': (46, 0, 255), 
'HCFA05_STATE': (161, 71, 79), 
'HCFA13': (179, 107, 57), 
'HCFA14': (214, 101, 205), 
'HCFA10d_CODES': (214, 129, 168), 
'HCFA10abc_ACCIDENT': (93, 151, 175), 
'HCFA11_NUMBER': (72, 202, 213), 
'HCFA28': (97, 181, 241), XX
'HCFA29': (114, 55, 234), XX
'HCFA11a_BIRTHDATE': (72, 61, 174), 
'HCFA11b_OTHER': (72, 140, 111), 
'HCFA11c_PLAN': (42, 113, 48), 
'HCFA11d_ANOTHER_PLAN': (141, 136, 98), 
'HCFA32_SERVICE': (115, 165, 3), 
'HCFA32a_NPI': (155, 182, 122), 
'HCFA32b_NONNPI': (87, 124, 214), 
'HCFA33_BILLING': (175, 158, 21), 
'HCFA26': (236, 23, 8),  XX
'HCFA27': (253, 87, 170),  XX
'HCFA15': (41, 28, 24), 
'HCFA16': (40, 60, 146), 
'HCFA18': (121, 71, 7), XX
'HCFA17a_': (125, 30, 73),  
'HCFA17_NAME': (151, 92, 101), 
'HCFA17a_NONNPI': (125, 30, 73), 
'HCFA17b_NPI': (140, 92, 156),
'HCFA05_ADDRESS': (111, 79, 44),
'HCFA07_ZIP': (28, 247, 53), 
'HCFA07_PHONE': (41, 13, 173), 
'HCFA09_NAME': (95, 213, 200), 
'HCFA09a_NUMBER': (110, 107, 58), 
'HCFA09b_RESERVED': (32, 120, 84), 
'HCFA09c_RESERVED': (135, 110, 240), 
'HCFA19': (81, 115, 161), 
'HCFA20': (91, 36, 158), 
'HCFA22': (243, 169, 174), 
'HCFA09d_PLAN': (176, 164, 189), 
'HCFA23': (41, 39, 115), 
'HCFA25': (55, 42, 61),   XX
'HCFA33a_NPI': (29, 14, 140), 
'HCFA33b_NONNPI': (92, 22, 181), 
'HCFA08': (97, 221, 68), 
'HCFA12': (37, 200, 129), 
'HCFA30': (38, 82, 72) XX
